00000000000000000000000000010101
00000000000000000000000000011111
00000000000000000000000000000110
00000000000000000000000010000000
00000000000000000000000000000001
00000000000000000000000010000000
00000000000000000000000000000001
00000000000000000000000000000001
00000000000000000000000000000001
00000000000000000000000000000001
00000000000000000000000000000001
00000000000000000000000000000001
00000000000000000000000000000001
00000000000000000000000000000001
00000000000000000000000000000001
00000000000000000000000000000001
00000000000000000000000000000011
00000000000000000000000000000011
00000000000000000000000000000001
00000000000000000000000000000001
00000000000000000000000000000001
00000000000000000000000000000001
00000000000000000000000000000001
00000000000000000000000000000001
00000000000000000000000000000001
00000000000000000000000000000001
00000000000000000000000000000001
00000000000000000000000000000001
00000000000000000000000000000001
00000000000000000000000000000001
00000000000000000000000000000001
00000000000000000000000000000001
